# relative_time, cycles_done, cur_item, corpus_count, pending_total, pending_favs, map_size, saved_crashes, saved_hangs, max_depth, execs_per_sec, total_execs, edges_found
60, 0, 255, 413, 341, 24, 22.06%, 0, 0, 12, 2403.04, 151014, 377
65, 0, 249, 424, 329, 3, 22.18%, 0, 0, 12, 2383.71, 163342, 379
70, 0, 342, 427, 328, 0, 22.18%, 0, 0, 12, 2403.37, 175472, 379
75, 0, 362, 430, 330, 0, 22.18%, 0, 0, 12, 2415.18, 187657, 379
80, 0, 404, 434, 333, 0, 22.18%, 0, 0, 12, 2412.73, 199812, 379
85, 0, 334, 444, 338, 0, 22.18%, 0, 0, 12, 2405.77, 215062, 379
90, 0, 362, 446, 339, 0, 22.18%, 0, 0, 12, 2407.99, 227517, 379
95, 0, 259, 448, 341, 0, 22.18%, 0, 0, 12, 2413.49, 239950, 379
101, 0, 98, 450, 341, 0, 22.29%, 0, 0, 12, 2414.97, 252281, 381
106, 0, 109, 451, 342, 0, 22.29%, 0, 0, 12, 2404.79, 264723, 381
111, 0, 129, 454, 345, 0, 22.29%, 0, 0, 12, 2419.97, 276886, 381
116, 0, 213, 454, 345, 0, 22.29%, 0, 0, 12, 2419.38, 292136, 381
121, 0, 295, 454, 345, 0, 22.29%, 0, 0, 12, 2419.20, 304286, 381
126, 0, 319, 456, 347, 0, 22.29%, 0, 0, 12, 2410.00, 316649, 381
131, 0, 269, 459, 348, 0, 22.29%, 0, 0, 12, 2366.10, 328798, 381
136, 0, 386, 460, 349, 0, 22.29%, 0, 0, 12, 2367.90, 340636, 381
141, 0, 435, 460, 349, 0, 22.29%, 0, 0, 12, 2378.95, 352931, 381
147, 0, 249, 460, 348, 0, 22.29%, 0, 0, 12, 2414.43, 368225, 381
152, 0, 109, 460, 346, 0, 22.29%, 0, 0, 12, 2387.09, 380589, 381
157, 0, 307, 462, 348, 0, 22.29%, 0, 0, 12, 2377.85, 392904, 381
162, 0, 173, 465, 350, 0, 22.29%, 0, 0, 12, 2393.80, 405218, 381
167, 0, 236, 465, 350, 0, 22.29%, 0, 0, 12, 2402.58, 417281, 381
172, 0, 112, 468, 352, 0, 22.29%, 0, 0, 12, 2406.86, 429331, 381
177, 0, 194, 471, 353, 0, 22.29%, 0, 0, 12, 2398.38, 444380, 381
182, 0, 34, 472, 353, 0, 22.29%, 0, 0, 12, 2398.38, 456670, 381
187, 0, 307, 475, 354, 0, 22.29%, 0, 0, 12, 2394.64, 468860, 381
193, 0, 362, 476, 354, 0, 22.29%, 0, 0, 12, 2377.42, 481175, 381
198, 1, 335, 476, 352, 0, 22.29%, 0, 0, 12, 2389.93, 493485, 381
203, 1, 472, 476, 349, 0, 22.29%, 0, 0, 12, 2382.52, 505751, 381
208, 1, 334, 477, 344, 0, 22.29%, 0, 0, 12, 2388.47, 520690, 381
213, 1, 365, 480, 343, 0, 22.29%, 0, 0, 12, 2392.48, 532992, 381
218, 1, 295, 480, 341, 0, 22.29%, 0, 0, 12, 2386.33, 545227, 381
223, 1, 334, 481, 340, 0, 22.29%, 0, 0, 12, 2389.05, 557525, 381
229, 1, 481, 485, 343, 0, 22.47%, 0, 0, 12, 2393.08, 569642, 384
234, 1, 457, 488, 343, 0, 22.47%, 0, 0, 12, 2392.20, 581832, 384
239, 1, 177, 489, 339, 0, 22.47%, 0, 0, 12, 2414.06, 597099, 384
244, 1, 453, 491, 338, 0, 22.47%, 0, 0, 12, 2405.93, 609486, 384
249, 1, 344, 493, 338, 0, 22.47%, 0, 0, 12, 2400.21, 621850, 384
254, 1, 484, 496, 339, 0, 22.47%, 0, 0, 12, 2372.11, 634196, 384
260, 1, 400, 497, 336, 0, 22.47%, 0, 0, 12, 2371.61, 646525, 384
265, 1, 391, 497, 334, 0, 22.47%, 0, 0, 12, 2389.06, 658991, 384
270, 1, 400, 499, 334, 0, 22.47%, 0, 0, 12, 2385.85, 674012, 384
275, 1, 335, 499, 331, 0, 22.47%, 0, 0, 12, 2387.01, 686384, 384
280, 1, 471, 499, 330, 0, 22.47%, 0, 0, 12, 2386.53, 698358, 384
285, 1, 465, 499, 326, 0, 22.47%, 0, 0, 12, 2369.30, 710667, 384
290, 1, 394, 499, 323, 0, 22.47%, 0, 0, 12, 2344.16, 722780, 384
296, 1, 169, 499, 321, 0, 22.47%, 0, 0, 12, 2360.07, 734902, 384
301, 1, 334, 500, 319, 0, 22.47%, 0, 0, 12, 2329.89, 749575, 384
306, 1, 500, 505, 319, 0, 22.70%, 0, 0, 12, 2354.20, 761794, 388
311, 1, 504, 510, 323, 1, 22.70%, 0, 0, 12, 2367.68, 773750, 388
316, 1, 509, 510, 320, 0, 22.70%, 0, 0, 12, 2366.89, 785725, 388
321, 1, 404, 512, 320, 0, 22.76%, 0, 0, 12, 2373.62, 797776, 389
326, 1, 418, 514, 322, 0, 22.76%, 0, 0, 12, 2401.30, 810162, 389
331, 1, 362, 514, 317, 0, 22.76%, 0, 0, 12, 2385.12, 825368, 389
336, 1, 510, 515, 317, 0, 22.76%, 0, 0, 12, 2412.60, 837863, 389
342, 2, 453, 515, 315, 0, 22.76%, 0, 0, 12, 2409.30, 850301, 389
347, 2, 362, 516, 313, 0, 22.76%, 0, 0, 12, 2411.59, 862678, 389
352, 2, 400, 516, 311, 0, 22.76%, 0, 0, 12, 2404.55, 875125, 389
357, 2, 241, 516, 308, 0, 22.76%, 0, 0, 12, 2391.06, 887480, 389
362, 2, 362, 517, 306, 0, 22.76%, 0, 0, 12, 2364.08, 902657, 389
368, 2, 245, 517, 304, 0, 22.76%, 0, 0, 12, 2405.67, 915110, 389
373, 2, 307, 519, 305, 0, 22.88%, 0, 0, 12, 2406.25, 927221, 391
378, 2, 465, 519, 303, 0, 22.88%, 0, 0, 12, 2398.71, 939621, 391
383, 2, 404, 519, 301, 0, 22.88%, 0, 0, 12, 2398.49, 952033, 391
388, 2, 362, 521, 300, 0, 22.94%, 0, 0, 12, 2386.84, 964413, 392
393, 2, 433, 521, 297, 0, 22.94%, 0, 0, 12, 2419.54, 979542, 392
398, 2, 484, 522, 296, 0, 22.94%, 0, 0, 12, 2448.33, 991821, 392
403, 2, 453, 522, 295, 0, 22.94%, 0, 0, 12, 2432.52, 1004046, 392
