# relative_time, cycles_done, cur_item, corpus_count, pending_total, pending_favs, map_size, saved_crashes, saved_hangs, max_depth, execs_per_sec, total_execs, edges_found
61, 0, 165, 251, 242, 57, 20.16%, 0, 0, 4, 653.71, 42881, 380
66, 0, 212, 258, 247, 56, 20.16%, 0, 0, 5, 689.76, 46365, 380
71, 0, 212, 261, 250, 56, 20.27%, 0, 0, 5, 748.98, 50273, 382
76, 0, 212, 264, 253, 56, 20.27%, 0, 0, 5, 745.83, 54046, 382
76, 0, 212, 264, 253, 56, 20.27%, 0, 0, 5, 0.00, 54242, 382
81, 0, 212, 268, 257, 56, 20.37%, 0, 0, 5, 754.98, 58104, 384
86, 0, 228, 276, 263, 55, 20.48%, 0, 0, 5, 740.50, 61861, 386
91, 0, 228, 279, 266, 55, 20.53%, 0, 0, 5, 713.51, 65494, 387
96, 0, 228, 281, 268, 55, 20.53%, 0, 0, 5, 728.69, 69176, 387
101, 0, 228, 288, 275, 55, 20.95%, 0, 0, 5, 730.89, 72830, 395
106, 0, 253, 301, 284, 57, 21.06%, 0, 0, 6, 748.70, 76631, 397
111, 0, 253, 309, 292, 57, 21.17%, 0, 0, 6, 766.86, 81005, 399
116, 0, 253, 314, 297, 57, 21.17%, 0, 0, 6, 750.33, 84850, 399
121, 0, 268, 318, 300, 58, 21.17%, 0, 0, 6, 733.18, 88593, 399
126, 0, 256, 332, 311, 57, 21.27%, 0, 0, 7, 714.06, 92191, 401
131, 0, 308, 338, 316, 56, 21.33%, 0, 0, 7, 733.35, 95897, 402
136, 0, 308, 341, 319, 56, 21.33%, 0, 0, 7, 750.88, 99769, 402
142, 0, 308, 345, 323, 56, 21.33%, 0, 0, 7, 756.94, 104132, 402
147, 0, 44, 348, 321, 56, 21.33%, 0, 0, 7, 704.45, 107672, 402
152, 0, 339, 360, 327, 50, 21.43%, 0, 0, 7, 697.64, 111158, 404
157, 0, 339, 360, 327, 50, 21.43%, 0, 0, 7, 738.29, 114980, 404
162, 0, 339, 362, 329, 50, 21.54%, 0, 0, 7, 766.50, 118893, 406
167, 0, 339, 362, 329, 50, 21.54%, 0, 0, 7, 778.24, 122823, 406
172, 0, 343, 375, 339, 50, 21.75%, 0, 0, 7, 748.23, 126925, 410
177, 0, 343, 376, 340, 50, 21.80%, 0, 0, 7, 748.15, 130832, 411
182, 0, 343, 378, 342, 50, 21.80%, 0, 0, 7, 737.01, 134489, 411
188, 0, 209, 379, 341, 52, 21.80%, 0, 0, 7, 716.15, 138228, 411
193, 0, 279, 385, 343, 48, 21.80%, 0, 0, 8, 711.44, 141750, 411
198, 0, 329, 389, 341, 44, 21.91%, 0, 0, 8, 711.31, 145321, 413
203, 0, 223, 393, 340, 39, 21.91%, 0, 0, 8, 692.07, 148870, 413
202, 0, 223, 393, 340, 39, 21.91%, 0, 0, 8, 0.00, 148934, 413
207, 0, 374, 395, 337, 34, 21.96%, 0, 0, 8, 711.75, 152546, 414
212, 0, 394, 399, 339, 35, 22.12%, 0, 0, 9, 697.78, 156155, 417
217, 0, 394, 403, 343, 35, 22.12%, 0, 0, 9, 711.61, 159753, 417
222, 0, 394, 403, 343, 35, 22.12%, 0, 0, 9, 732.91, 163463, 417
227, 0, 354, 403, 339, 31, 22.12%, 0, 0, 9, 726.89, 167116, 417
232, 0, 252, 404, 331, 22, 22.12%, 0, 0, 9, 723.54, 170739, 417
238, 0, 258, 407, 326, 17, 22.33%, 0, 0, 9, 750.85, 175025, 421
243, 0, 264, 409, 321, 11, 22.33%, 0, 0, 9, 703.43, 178620, 421
248, 0, 154, 410, 315, 4, 22.33%, 0, 0, 9, 708.11, 182157, 421
253, 0, 0, 410, 311, 0, 22.33%, 0, 0, 9, 685.38, 185551, 421
258, 0, 385, 410, 311, 0, 22.33%, 0, 0, 9, 725.28, 189400, 421
263, 0, 310, 411, 312, 0, 22.33%, 0, 0, 9, 746.44, 193182, 421
268, 0, 342, 414, 315, 0, 22.33%, 0, 0, 9, 727.08, 197546, 421
273, 0, 304, 416, 316, 0, 22.33%, 0, 0, 9, 700.71, 201092, 421
278, 0, 372, 418, 317, 0, 22.44%, 0, 0, 10, 728.81, 204765, 423
283, 0, 152, 423, 321, 0, 22.44%, 0, 0, 10, 665.74, 208059, 423
289, 0, 0, 424, 322, 0, 22.44%, 0, 0, 10, 683.80, 211637, 423
294, 0, 0, 425, 323, 0, 22.44%, 0, 0, 10, 660.05, 214843, 423
299, 0, 425, 426, 323, 0, 22.60%, 0, 0, 10, 764.12, 219066, 426
304, 0, 329, 428, 324, 0, 22.60%, 0, 0, 10, 755.32, 222895, 426
309, 0, 306, 430, 325, 0, 22.71%, 0, 0, 10, 701.05, 226332, 428
314, 0, 256, 433, 328, 0, 22.71%, 0, 0, 10, 722.18, 230180, 428
319, 0, 304, 435, 330, 0, 22.71%, 0, 0, 10, 738.59, 234017, 428
324, 0, 337, 436, 331, 0, 22.71%, 0, 0, 10, 706.90, 237509, 428
329, 0, 306, 438, 333, 0, 22.71%, 0, 0, 10, 746.47, 241768, 428
334, 0, 258, 438, 333, 0, 22.71%, 0, 0, 10, 752.20, 245483, 428
339, 0, 121, 438, 332, 0, 22.71%, 0, 0, 10, 670.36, 248785, 428
345, 0, 337, 438, 332, 0, 22.71%, 0, 0, 10, 687.60, 252369, 428
350, 0, 354, 438, 332, 0, 22.71%, 0, 0, 10, 682.11, 255808, 428
355, 0, 183, 443, 336, 0, 22.71%, 0, 0, 10, 723.82, 259591, 428
360, 0, 411, 445, 338, 0, 22.71%, 0, 0, 10, 710.86, 263164, 428
365, 0, 386, 446, 338, 0, 22.71%, 0, 0, 10, 709.71, 267244, 428
370, 0, 264, 451, 342, 0, 22.71%, 0, 0, 10, 713.28, 270868, 428
375, 0, 264, 451, 342, 0, 22.71%, 0, 0, 10, 733.73, 274634, 428
380, 0, 445, 452, 342, 0, 22.71%, 0, 0, 10, 730.54, 278411, 428
385, 0, 445, 453, 343, 0, 22.71%, 0, 0, 10, 707.28, 281990, 428
391, 0, 446, 453, 343, 0, 22.71%, 0, 0, 10, 718.06, 285726, 428
396, 0, 440, 453, 343, 0, 22.71%, 0, 0, 10, 713.22, 289865, 428
399, 0, 440, 453, 343, 0, 22.71%, 0, 0, 10, 716.63, 292000, 428
